3
1 2 1
1 2 -1
5 5 1
5 5 -1
5 1 1
5 1 -1
1 5 1
1 5 -1
5 5 1
62345678907234567890823456789092345678900234567893 62345678907234567890823456789092345678900234567891 -1
62345678907234567890823456789092345678900234567890 62345678907234567890823456789092345678900234567891 -1
62345678907234567890823456789092345678900234567893 62345678907234567890823456789092345678900234567991 -1
62345678907234567890823456789092345678900234567890 62345678907234567890823456789092345678900234567991 -1
1234567890223456789032345678904234567890523456789062345678907234567890823456789092345678900234567890123456789022345678903234567890423456789052345678906234567890723456789082345678909234567890023456789012345678902234567890323456789042345678905234567890623456789072345678908234567890923456789002345678901234567890223456789032345678904234567890523456789062345678907234567890823456789092345678900234567890 1234567890223456789032345678904234567890523456789062345678907234567890823456789092345678900234567890123456789022345678903234567890423456789052345678906234567890723456789082345678909234567890023456789012345678902234567890323456789042345678905234567890623456789072345678908234567890923456789002345678901234567890223456789032345678904234567890523456789062345678907234567890823456789092345678900234567891 1
12345678902234567890323456789042345678905234567890623456789072345678908234567890923456789002345678901234567890223456789032345678904234567890523456789062345678907234567890823456789092345678900234567890123456789022345678903234567890423456789052345678906234567890723456789082345678909234567890023456789012345678902234567890323456789042345678905234567890623456789072345678908234567890923456789002345678901 1234567890223456789032345678904234567890523456789062345678907234567890823456789092345678900234567890123456789022345678903234567890423456789052345678906234567890723456789082345678909234567890023456789012345678902234567890323456789042345678905234567890623456789072345678908234567890923456789002345678901234567890223456789032345678904234567890523456789062345678907234567890823456789092345678900234567891 1